28.02.2016	12942	33,15	38,75
09.03.2016	13467	33,19	39,13
18.03.2016	14012	33,16	39,43
02.04.2016	14449	28,46	35,83
03.04.2016	14853	23,52	28,2
09.04.2016	15211	20	24,38
15.04.2016	15744	31,46	39,29
26.04.2016	16284	31,33	40,07
09.05.2016	16862	34,78	43,79
19.05.2016	17407	32,03	41,93
02.06.2016	17911	30,94	40,81
13.06.2016	18473	33,39	44,71
05.07.2016	19011	35,26	45,45
14.07.2016	19537	30,64	37,96
26.07.2016	20096	34,47	44,09
04.08.2016	20649	32,89	41,41
15.08.2016	21205	32,64	40,77
21.08.2016	21730	30,35	37,91
26.08.2016	22247	29,11	37,52
02.09.2016	22753	31,07	40,36
13.09.2016	23292	32	41,25
23.09.2016	23880	34,2	44,08
11.10.2016	24461	34,6	44,95
20.10.2016	25022	34,4	44
26.10.2016	25614	34,04	44,22
04.11.2016	26185	33,77	43,53
12.11.2016	26345	9,77	12,01
16.11.2016	26906	34,03	42,5
25.11.2016	27459	31,33	40,07
06.12.2016	28010	34,03	44,89
14.12.2016	28581	35,08	47,32
23.12.2016	29144	32,9	44,38
28.12.2016	29710	34,28	46,93
18.01.2017	30217	32,01	43,82
26.01.2017	30705	30,04	40,52
08.02.2017	31277	34,53	46,58
17.02.2017	31792	30,29	41,47
28.02.2017	32356	33,62	45,69
09.03.2017	32885	32,05	42,91
19.03.2017	33441	32,05	42,27
28.03.2017	33981	32,47	41,2
06.04.2017	34578	33,56	43,93
19.04.2017	35137	33,54	44,91
07.05.2017	35667	32,5	43,52
18.05.2017	36282	35,46	46,42
31.05.2017	36878	34,63	45,33
09.06.2017	37389	29,92	38,57
03.07.2017	37857	30,45	38,95
12.07.2017	38469	35,54	44,74
21.07.2017	39007	31,65	40,48
02.08.2017	39536	31,82	41,02
12.08.2017	40098	32,98	43,5
21.08.2017	40678	34,39	44,68
30.08.2017	41214	31,53	45,69
08.09.2017	41792	32,88	42,71
18.09.2017	42329	32,29	42,59
27.09.2017	42862	30,33	39,7
12.10.2017	43444	32,14	40,79
25.10.2017	44056	34,12	45,35
07.11.2017	44604	31,57	41,96
15.11.2017	45169	33,26	43,54
23.11.2017	45664	29,99	39,86
01.12.2017	46245	32,5	41,57
13.12.2017	46816	35,37	46,65
22.12.2017	47382	32,65	42,09
14.01.2018	47903	32,31	42,62
22.01.2018	48379	28,13	36,26
01.02.2018	48980	34,11	46,36
12.02.2018	49467	30,23	38,66
19.02.2018	49912	26,6	33,76
28.02.2018	50458	32,08	40,71
10.03.2018	51018	32,02	40,63
19.03.2018	51505	30,01	37,48
26.03.2018	51849	20,15	25,97
09.04.2018	52407	34,02	46,57
18.04.2018	52975	30,07	39,66
02.05.2018	53558	31,06	42,21
15.05.2018	54195	34,33	52,15
25.05.2018	54817	32,5	48,39
07.06.2018	55361	33,07	45,6
18.06.2018	55914	32,44	44,42
25.06.2018	56322	24,18	33,83
15.07.2018	56924	35,92	50,99
25.07.2018	57544	34,51	47,25
06.08.2018	58123	34,03	47,95
16.08.2018	58728	34,06	49,69
25.08.2018	59274	31	44,92
05.09.2018	59835	30,27	44,17
13.09.2018	60426	33,02	48,51
24.09.2018	61003	31	44,92
07.10.2018	61533	32,07	47,43
14.10.2018	61984	27,02	38,88
21.10.2018	62391	24,01	35,51
31.10.2018	62921	30,02	45,6
07.11.2018	63303	25	38,48
16.11.2018	63843	31	47,71
26.11.2018	64338	31	47,09
08.12.2018	64789	27	40,2
15.12.2018	65322	32	45,09
24.12.2018	65797	26,67	36,51
09.01.2019	66260	30,02	38,7
20.01.2019	66829	34,37	44,3
13.02.2019	67386	34,78	44,14
22.02.2019	67952	32	42,85
09.03.2019	68529	34,34	45,64
20.03.2019	69149	37	48,43
30.03.2019	69697	31,2	41,78
10.04.2019	70243	31	43,99
24.04.2019	70669	27	38,31
08.05.2019	71223	30,17	43,72
20.05.2019	71843	34,02	53,04
31.05.2019	72322	26,01	38,73
07.06.2019	72744	23,01	32,88
12.06.2019	73312	31	44,61
25.06.2019	73884	32,78	46,19
04.07.2019	74414	29,4	41,42
19.07.2019	74837	28,23	39,49
31.07.2019	75422	33,68	46,44
08.08.2019	75905	26,18	35,84
16.08.2019	76369	25,66	35,13
03.09.2019	76897	33	43,86
12.09.2019	77461	31,01	42,76
23.09.2019	78063	32,43	43,75
02.10.2019	78629	31,05	41,89
06.10.2019	78754	7,25	10
07.10.2019	78838	4,89	6,65
16.10.2019	79378	29,46	40,04
10.11.2019	79919	32,12	42,69
15.11.2019	80301	22	29,24
24.11.2019	80752	28,01	37,23
29.11.2019	81151	23	31,03
07.12.2019	81630	30	39,87
15.12.2019	82041	25,04	33,53
22.12.2019	82460	24,15	32,34
11.01.2020	82940	31,27	43,75
25.01.2020	83417	30,01	40,48
01.02.2020	83805	23,73	31,53
11.02.2020	84358	32,78	43,56
19.02.2020	84840	29	38,83
28.02.2020	85395	33,02	43,88
10.03.2020	85936	32	40,29
16.03.2020	86295	22	26,82
23.03.2020	86702	22	25,06
21.04.2020	87059	26	28,05
21.05.2020	87555	34	38,73
14.06.2020	88095	35,22	43,64
29.06.2020	88582	30	35,97
14.07.2020	89005	26,3	31,53
01.08.2020	89518	31,3	36,27
24.08.2020	90033	32,13	37,24
08.09.2020	90523	29	34,48
22.09.2020	91024	30	36,27
08.10.2020	91552	32	38,05
23.10.2020	92043	32	36,45
04.11.2020	92479	27,5	30,22
20.11.2020	92799	22	25,06
04.01.2021	93204	32	41,25
26.01.2021	93546	24,01	30,47
15.02.2021	93990	30,38	39,77
15.03.2021	94396	30	43,47
10.04.2021	94827	30	43,77
02.05.2021	95306	31	45,54
24.05.2021	95779	30	44,07
13.06.2021	96195	30	44,37
02.07.2021	96721	34	50,96
01.08.2021	97135	30,6	48,62
25.08.2021	97633	31	46,17
07.09.2021	98159	32	49,89
22.09.2021	98779	35	54,57
01.10.2021	99318	32,01	49,9
10.10.2021	99832	30,53	50,34
21.10.2021	100476	35,5	58,89
09.11.2021	100937	30,73	50,68
30.11.2021	101451	33,4	57,75
19.12.2021	101866	27	43,71
09.01.2022	102309	31	50,81
05.02.2022	102803	35,08	61
26.02.2022	103315	34	60,15
14.03.2022	103735	29	62,9
03.04.2022	104265	33	64,32
08.04.2022	104851	32,01	69,43
11.04.2022	105279	24	49,66
12.04.2022	105835	31,03	58,62
04.05.2022	106360	32,01	63,03
22.05.2022	106885	33,2	68,03
30.05.2022	107478	33	68,61
13.06.2022	107951	28	52,61
26.06.2022	108304	23	41,15
08.07.2022	108763	29,01	50,16
15.08.2022	109733	67	114,51
30.08.2022	110161	30	53,37
18.09.2022	110608	29	53,33
10.10.2022	111101	30	56,97
25.10.2022	111550	29,2	53,11
07.11.2022	112016	31	57,01
19.11.2022	112443	29	49,27
04.12.2022	112872	30,01	49,79
19.12.2022	113361	33	52,11
16.01.2023	113824	33,6	55,41
01.02.2023	114335	34	58,11
15.02.2023	114856	33	56,07
